32 45 36
25 46 29
25 20 35
9 39 28
10 48 26
19 44 47
8 32 10
8 16 20
40 39 26
25 2 20
49 35 14
36 9 11
15 35 31
1 43 19
28 5 18
5 25 13
1 32 46
10 41 11
31 31 1
9 7 4
28 6 38
43 41 49
3 7 33
35 10 28
3 37 32
22 42 6
37 44 39
32 6 29
45 38 11
45 46 18
49 25 25
36 19 17
34 22 26
19 6 35
46 11 23
27 34 16
34 20 10
22 4 17
2 48 4
13 42 50
32 42 24
8 28 43
26 13 16
1 33 23
37 28 35
10 6 19
25 39 40
36 12 43
2 16 42
6 28 34
5 11 25
30 18 4
24 45 17
41 46 49
14 32 29
50 43 36
20 20 25
10 5 38
4 9 3
46 14 32
31 20 42
5 49 11
11 25 6
29 15 3
29 30 36
7 30 31
43 49 50
19 10 6
8 14 14
11 9 27
44 39 46
38 45 47
50 5 23
7 35 37
9 14 17
47 20 46
27 14 46
28 34 6
33 42 19
47 4 29
23 49 19
21 36 15
19 36 22
41 42 6
27 3 19
45 1 41
42 27 6
38 6 40
45 38 33
13 34 36
43 9 36
11 29 22
27 47 9
48 39 50
4 15 4
22 12 4
14 5 30
20 42 35
11 38 25
43 2 8
