30 44 16
15 6 46
36 33 44
44 30 32
46 35 49
49 9 10
3 22 14
34 43 8
21 3 45
45 45 47
4 26 42
20 41 50
17 28 32
11 24 13
44 19 48
42 19 6
3 21 29
17 7 22
26 27 26
22 21 23
20 26 48
12 45 40
13 14 18
44 24 41
8 17 11
7 11 29
12 13 50
43 31 8
16 6 34
41 30 6
15 49 31
13 12 28
4 24 41
21 19 16
13 27 34
23 35 44
4 49 7
5 41 39
12 8 45
45 48 26
50 15 26
32 29 38
9 32 13
1 5 34
16 17 12
50 42 46
45 45 44
3 49 34
42 10 41
38 6 41
13 7 7
38 38 35
27 49 16
40 49 20
23 17 39
34 18 30
31 14 26
25 17 24
10 8 35
3 47 42
43 9 50
49 48 39
35 25 37
50 16 38
20 40 6
8 25 23
39 5 36
14 29 4
39 41 11
25 43 7
16 37 17
17 35 15
5 19 41
42 20 8
31 41 47
36 50 21
10 38 27
45 3 8
1 41 48
11 17 40
20 34 26
38 50 12
4 5 32
44 46 1
1 26 44
49 13 43
21 22 33
48 18 35
5 18 26
2 31 44
43 2 28
18 39 27
29 43 31
12 38 28
14 41 5
7 41 17
50 12 40
32 9 8
16 15 25
43 18 7
37 10 8
16 27 49
42 7 41
23 20 30
2 33 22
7 40 15
25 39 26
15 22 36
22 37 50
48 32 17
7 20 26
14 35 4
12 28 12
4 2 31
36 4 13
9 10 4
23 34 42
48 50 15
35 21 4
34 21 35
2 27 6
29 42 42
32 4 19
45 7 21
25 44 24
40 3 35
43 25 20
37 25 20
1 9 42
4 45 14
40 46 40
45 25 32
36 8 37
7 3 45
27 29 39
2 18 41
38 11 17
7 49 43
28 49 2
20 3 46
33 44 43
25 39 17
6 26 27
44 32 29
38 10 7
26 11 25
18 50 37
37 7 35
29 36 35
32 5 39
29 40 33
22 16 23
40 21 50
16 16 34
44 3 43
3 29 6
29 48 7
15 34 13
1 15 49
37 46 5
26 25 46
10 48 11
32 37 33
33 5 48
16 50 1
11 2 31
18 30 28
24 46 14
39 48 28
39 35 25
43 10 1
41 21 48
1 2 37
34 36 41
31 2 40
33 14 44
13 33 23
43 6 19
6 44 18
35 32 2
11 27 13
12 17 33
11 19 36
47 2 22
39 35 25
31 19 38
24 34 22
48 26 27
18 33 23
36 19 6
37 29 34
50 42 2
34 3 21
20 1 24
41 40 10
17 22 29
6 45 12
27 42 39
3 12 23
27 47 41
