33 33 21
18 34 13
20 18 15
40 39 17
13 29 8
23 47 29
3 2 25
16 28 19
4 32 30
28 11 26
18 45 10
40 12 44
2 31 13
18 22 1
35 37 31
42 11 27
23 13 30
47 28 9
15 33 40
46 10 2
21 29 46
31 18 10
26 22 40
40 41 14
40 25 50
22 19 10
48 43 24
29 39 3
37 6 35
28 1 46
30 24 24
27 4 43
36 31 14
28 20 5
41 11 31
42 32 1
3 31 43
26 9 34
28 45 39
14 22 41
9 3 14
34 30 19
26 15 49
42 44 20
46 34 30
28 27 11
29 29 41
23 4 49
6 33 45
46 48 17
39 6 21
2 41 50
23 17 17
21 10 10
41 5 46
22 34 22
33 12 1
23 37 6
24 44 41
18 42 38
36 30 46
7 33 36
8 5 4
24 28 13
36 20 19
31 41 3
4 23 16
4 48 4
12 23 48
4 40 39
41 28 20
36 36 2
24 43 9
29 19 36
42 4 5
12 36 45
16 39 20
32 45 17
35 6 39
34 9 30
22 1 9
43 39 44
45 12 39
3 42 7
40 33 12
44 47 47
38 12 35
7 45 29
25 32 36
15 15 46
45 39 47
5 31 35
49 27 48
37 31 39
45 20 24
6 13 20
4 3 33
38 11 28
19 36 11
4 2 25
50 48 15
48 3 48
32 1 24
31 39 5
19 35 24
44 42 39
15 45 41
48 34 3
27 2 40
37 8 42
13 9 39
30 6 41
27 39 43
2 19 31
8 39 15
34 33 8
22 49 2
14 46 36
16 24 39
6 12 48
49 27 6
37 6 13
30 34 1
22 37 21
5 45 10
19 28 44
27 1 42
30 14 40
17 31 15
6 38 27
5 36 3
11 25 10
25 4 45
26 25 31
46 29 27
7 50 6
2 28 6
46 9 21
35 26 4
49 33 43
27 37 31
31 49 5
42 24 10
36 1 36
19 48 17
47 7 18
3 8 47
10 3 5
33 39 32
36 40 14
28 18 3
8 49 3
14 40 28
23 28 30
11 48 28
27 44 34
44 48 43
40 8 48
46 42 38
28 27 27
43 6 45
47 16 45
2 31 34
29 6 13
11 16 10
38 42 6
23 37 3
17 28 12
14 23 3
2 2 31
30 45 39
26 43 6
20 44 36
6 25 43
18 35 8
30 24 1
35 48 39
37 14 16
1 30 41
3 33 42
36 12 38
26 40 31
31 9 26
18 16 50
11 34 36
20 13 11
21 47 8
11 35 24
29 35 3
19 40 35
12 27 48
50 2 39
32 34 48
7 1 15
9 13 48
46 33 12
7 5 10
16 15 47
39 43 31
43 13 22
29 25 48
27 26 1
15 7 34
14 15 37
29 23 49
28 19 31
42 27 37
1 42 4
47 31 46
30 23 11
3 2 35
3 30 10
3 46 18
39 12 32
25 42 7
25 21 25
8 12 1
44 15 42
47 11 24
45 42 47
5 45 50
41 49 31
2 1 26
19 41 37
2 17 30
8 42 1
34 49 12
34 42 26
28 41 39
3 35 32
1 41 28
50 31 26
32 32 27
8 2 19
46 3 36
26 13 27
28 46 25
39 32 18
17 11 8
7 13 44
38 14 34
16 15 14
41 47 47
19 6 50
40 3 5
25 30 17
1 7 12
27 48 45
46 16 5
4 22 18
47 11 33
33 28 49
48 21 47
45 39 2
46 28 7
50 4 36
16 6 45
30 32 42
24 28 9
29 33 32
48 31 42
32 13 20
30 11 42
29 7 30
32 2 10
38 2 13
24 19 21
20 50 2
11 24 31
21 4 15
2 3 48
43 36 10
14 17 22
5 45 28
37 27 32
48 14 35
12 39 3
32 8 3
36 20 28
16 40 31
33 41 35
30 36 20
41 1 36
13 8 31
42 44 9
23 41 24
7 4 13
12 36 22
16 21 44
43 38 35
25 20 28
9 49 13
30 40 15
15 4 22
47 45 15
5 20 7
29 26 11
43 39 48
16 4 18
9 48 5
44 22 27
23 32 27
35 11 18
1 28 21
23 24 16
39 31 37
48 9 14
10 3 3
7 18 6
26 27 4
32 22 27
8 44 9
35 30 19
2 30 46
25 4 22
42 45 2
28 42 12
41 1 14
43 9 31
1 34 9
6 17 32
32 25 25
42 9 6
13 12 38
10 36 41
31 27 35
34 4 28
45 45 30
8 39 38
41 39 23
49 46 42
33 28 16
9 21 26
15 33 39
4 43 25
44 23 3
31 9 9
10 3 3
40 13 43
29 3 34
4 3 29
45 35 8
10 44 29
37 10 11
25 13 5
1 8 30
4 40 38
12 50 40
16 39 2
8 19 4
43 22 9
24 18 43
31 29 38
11 15 47
24 42 11
28 42 19
7 45 8
44 8 9
36 23 49
37 33 18
43 27 41
3 50 9
45 31 39
35 43 4
33 16 47
44 44 38
12 2 35
21 46 42
30 33 17
28 19 1
45 13 27
38 15 27
46 12 9
34 48 1
39 30 17
35 23 12
25 34 13
9 5 10
2 36 42
18 13 13
20 8 27
47 47 44
25 42 5
35 27 2
37 18 31
5 4 6
16 28 39
31 38 45
40 40 30
34 9 43
48 29 2
24 27 48
17 3 41
23 37 19
26 23 38
9 28 42
14 45 21
2 25 9
49 17 50
30 2 8
